1
1
0
0
0
0
0
0
0
0
0
0
0
1
1
1
1
1
0
0
0
0
1
0
1
0
0
1
1
1
1
1
1
0
1
0
0
0
0
0
1
0
0
0
0
0
1
1
1
1
1
1
1
1
1
1
0
1
0
0
0
0
0
0
0
0
0
0
0
0
1
1
1
1
0
0
1
1
1
1
1
0
1
1
1
1
0
0
1
1
0
1
1
1
1
1
0
0
0
1
1
0
0
0
0
1
1
1
1
0
0
0
0
0
0
0
0
0
1
0
1
1
1
0
0
0
1
1
0
0
1
1
0
0
0
1
1
0
1
0
1
1
0
0
0
1
0
0
0
0
0
0
1
1
1
0
0
1
1
1
1
0
0
1
0
0
0
1
1
0
0
0
0
0
0
1
0
1
1
0
0
0
0
0
0
0
0
0
1
1
1
0
1
1
0
0
0
1
0
1
0
0
0
1
1
0
0
0
0
0
0
1
1
1
1
1
1
1
0
0
0
0
0
1
0
1
1
1
0
0
0
0
1
1
1
1
1
1
Completion
3.21223e+06
15069
589970
1.10463e+06
228228
1.89968e+06
0
